0.156369
0.218658
0.181514
0.431139
0.0663908
0.151353
0.223209
0.359306
0.111361
0.142999
0.10971
0.395644
0.265108
0.12006
0.329752
0.0536617
0.288145
0.0282807
0.0873105
0.248997
0.0538609
0.065583
0.245629
0.060263
0.0625358
0.0942947
0.0540777
0.243822
0.136108
0.247053
0.121336
0.147012
0.117891
0.252313
0.158898
0.470004
0.509647
0.214046
0.191937
0.214433
0.233946
0.097799
0.0340232
0.0983026
0.145788
0.0954878
0.101928
0.0883182
0.0946183
0.167546
0.132925
0.257858
0.0900225
0.307135
0.0598137
0.0468024
0.203506
0.115589
0.190787
0.107753
0.200593
0.262677
0.157357
0.294615
0.0645611
0.149216
0.247461
0.0579758
0.169671
0.204094
0.162617
0.0399479
0.254183
0.105184
0.0414802
0.0333498
0.0612412
0.161262
0.159266
0.118821
0.256278
0.203647
0.098052
0.170628
0.160354
0.189719
0.149131
0.0818464
0.044936
0.229636
0.125711
0.0956412
0.0887124
0.0730023
0.0793029
0.13172
0.0985756
0.1711
0.21046
0.0773946
